3410
1
49258
-4541.9814 -4773.0264
MineralOre@3d526ad9 5530.0 4850.0 1000 0 null -10.0 -10.0
MineralOre@e041f0c 5500.0 4950.0 1000 0 null -10.0 -10.0
MineralOre@6a175569 5410.0 4810.0 620 0 Worker@11963225 -10.0 -10.0
MineralOre@3f3c966c 5330.0 4870.0 540 0 null -10.0 -10.0
MineralOre@11ee02f8 5480.0 4990.0 1000 0 null -10.0 -10.0
MineralOre@4102b1b1 5390.0 4920.0 1000 0 null -10.0 -10.0
MineralOre@61a5b4ae 5310.0 4960.0 900 0 null -10.0 -10.0
MineralOre@3a71c100 5330.0 4750.0 1000 0 null -10.0 -10.0
MineralOre@5b69fd74 5220.0 4700.0 920 0 null -10.0 -10.0
MineralOre@f325091 5300.0 4650.0 1000 0 null -10.0 -10.0
MineralOre@437e951d 5320.0 5000.0 680 0 Worker@77b325b3 -10.0 -10.0
MineralOre@63a5e46c 5200.0 5050.0 200 0 null -10.0 -10.0
MineralOre@7e8e8651 1535.8953 1288.5089 1000 0 null -10.0 -10.0
MineralOre@49ef32e0 1489.5521 1921.8958 1000 0 null -10.0 -10.0
MineralOre@271f18d3 1782.9614 1159.678 1000 0 null -10.0 -10.0
MineralOre@6bd51ed8 1265.2255 1469.198 1000 0 null -10.0 -10.0
MineralOre@61e3a1fd 1206.3933 1218.8872 1000 0 null -10.0 -10.0
MineralOre@51abf713 1262.4745 1619.363 1000 0 null -10.0 -10.0
MineralOre@eadb475 1672.4087 1447.99 1000 0 null -10.0 -10.0
MineralOre@4d4d48a6 1340.792 1202.1558 1000 0 null -10.0 -10.0
MineralOre@315df4bb 1526.6675 1235.0618 1000 0 null -10.0 -10.0
MineralOre@3fc08eec 1299.1816 1767.9934 1000 0 null -10.0 -10.0
MineralOre@5cad8b7d 1647.9946 1208.7543 1000 0 null -10.0 -10.0
MineralOre@7b02e036 1664.6582 1704.9694 1000 0 null -10.0 -10.0
MineralOre@25243bc1 1416.4546 1827.5139 1000 0 null -10.0 -10.0
MineralOre@1e287667 1622.4 1288.8 1000 0 null -10.0 -10.0
MineralOre@2e6ee0bc 1190.1512 1749.0972 1000 0 null -10.0 -10.0
MineralOre@4201a617 1435.154 1149.3845 1000 0 null -10.0 -10.0
MineralOre@467f77a5 1674.925 1772.0437 1000 0 null -10.0 -10.0
MineralOre@1bb9aa43 1803.6545 1546.5669 1000 0 null -10.0 -10.0
MineralOre@420bc288 6748.1943 6381.206 1000 0 null -10.0 -10.0
MineralOre@df5f5c0 6231.33 6411.102 1000 0 null -10.0 -10.0
MineralOre@308a6984 6184.366 6584.2773 1000 0 null -10.0 -10.0
MineralOre@66b72664 6542.7534 6391.156 1000 0 null -10.0 -10.0
MineralOre@7a34b7b8 6660.3276 6405.132 1000 0 null -10.0 -10.0
MineralOre@58cd06cb 6371.3066 6741.1235 1000 0 null -10.0 -10.0
MineralOre@3be8821f 6545.8394 6815.2964 1000 0 null -10.0 -10.0
MineralOre@64b31700 6539.8447 6261.8804 1000 0 null -10.0 -10.0
MineralOre@3b65e559 6469.422 6042.3135 1000 0 null -10.0 -10.0
MineralOre@bae47a0 6265.1934 6366.95 1000 0 null -10.0 -10.0
MineralOre@74a9c4b0 6087.669 6711.9795 1000 0 null -10.0 -10.0
MineralOre@85ec632 6728.117 6602.5747 1000 0 null -10.0 -10.0
MineralOre@1c05a54d 6942.5073 6518.6675 1000 0 null -10.0 -10.0
MineralOre@65ef722a 6387.84 6337.076 1000 0 null -10.0 -10.0
MineralOre@5fd9b663 6045.0967 6526.4653 1000 0 null -10.0 -10.0
MineralOre@214894fc 6214.953 6741.4434 1000 0 null -10.0 -10.0
MineralOre@10567255 6093.93 6435.154 1000 0 null -10.0 -10.0
MineralOre@e362c57 6567.2217 6749.7603 1000 0 null -10.0 -10.0
MineralOre@1c4ee95c 7170.4 1680.6 1000 0 null -10.0 -10.0
MineralOre@79c4715d 7576.4854 1721.6112 1000 0 null -10.0 -10.0
MineralOre@5aa360ea 7534.9087 1143.0686 1000 0 null -10.0 -10.0
MineralOre@6548bb7d 7590.7573 1198.3187 1000 0 null -10.0 -10.0
MineralOre@e27ba81 7293.8345 1111.8186 1000 0 null -10.0 -10.0
MineralOre@54336c81 7619.8125 1650.3721 1000 0 null -10.0 -10.0
MineralOre@1556f2dd 7639.364 1900.3713 1000 0 null -10.0 -10.0
MineralOre@35e52059 7120.9883 1361.0862 1000 0 null -10.0 -10.0
MineralOre@62577d6 7105.6084 1328.043 1000 0 null -10.0 -10.0
MineralOre@49bd54f7 7662.4976 1599.1743 1000 0 null -10.0 -10.0
MineralOre@6b5f8707 7630.7495 1188.6919 1000 0 null -10.0 -10.0
MineralOre@772485dd 7640.2 1143.5453 1000 0 null -10.0 -10.0
MineralOre@5a12c728 7335.4253 1598.8342 1000 0 null -10.0 -10.0
MineralOre@79ab3a71 7406.421 1366.8965 1000 0 null -10.0 -10.0
MineralOre@6e5bfdfc 7399.6553 1266.6056 1000 0 null -10.0 -10.0
MineralOre@3d829787 7460.826 1723.7286 1000 0 null -10.0 -10.0
MineralOre@71652c98 7565.341 1331.0739 1000 0 null -10.0 -10.0
MineralOre@51bde877 7835.1685 1739.7092 1000 0 null -10.0 -10.0
MineralOre@60b85ba1 7777.9644 6604.039 1000 0 null -10.0 -10.0
MineralOre@492fc69e 7521.954 6121.9424 1000 0 null -10.0 -10.0
MineralOre@117632cf 7269.805 6842.6694 1000 0 null -10.0 -10.0
MineralOre@2fb68ec6 7738.295 6816.0767 1000 0 null -10.0 -10.0
MineralOre@d71adc2 7254.807 6659.2974 1000 0 null -10.0 -10.0
MineralOre@3add81c4 7823.148 6260.291 1000 0 null -10.0 -10.0
MineralOre@1a1d3c1a 7346.693 6589.429 1000 0 null -10.0 -10.0
MineralOre@1c65121 7932.5996 6368.133 1000 0 null -10.0 -10.0
MineralOre@159e366 7433.06 6898.7285 1000 0 null -10.0 -10.0
MineralOre@57dc9128 7269.1514 6472.8354 1000 0 null -10.0 -10.0
MineralOre@24528a25 7684.4995 6573.1055 1000 0 null -10.0 -10.0
MineralOre@17ae98d7 7549.614 6717.0605 1000 0 null -10.0 -10.0
MineralOre@59221b97 7265.047 6430.543 1000 0 null -10.0 -10.0
MineralOre@6ac4944a 7254.634 6723.446 1000 0 null -10.0 -10.0
MineralOre@5a772895 7432.601 6661.2085 1000 0 null -10.0 -10.0
MineralOre@39fc6b2c 7846.2695 6654.003 1000 0 null -10.0 -10.0
MineralOre@704b2127 7539.776 6694.0283 1000 0 null -10.0 -10.0
MineralOre@3ee39da0 7474.505 6134.243 1000 0 null -10.0 -10.0
MineralOre@5d332969 8176.852 1641.4214 1000 0 null -10.0 -10.0
MineralOre@7cc9ce8 8402.419 1209.3792 1000 0 null -10.0 -10.0
MineralOre@2e27d72f 8382.681 1254.8225 1000 0 null -10.0 -10.0
MineralOre@c0b41d6 8883.2 1619.4 1000 0 null -10.0 -10.0
MineralOre@4837595f 8328.849 1614.5587 1000 0 null -10.0 -10.0
MineralOre@2bffa76d 8677.773 1688.4233 1000 0 null -10.0 -10.0
MineralOre@3b718392 8276.841 1166.3787 1000 0 null -10.0 -10.0
MineralOre@6d2260db 8713.021 1816.2518 1000 0 null -10.0 -10.0
MineralOre@1f2d2181 8318.432 1624.3254 1000 0 null -10.0 -10.0
MineralOre@49bf29c6 8332.163 1273.4083 1000 0 null -10.0 -10.0
MineralOre@7ee55e70 8792.013 1545.8392 1000 0 null -10.0 -10.0
MineralOre@3fcdcf 8881.266 1469.198 1000 0 null -10.0 -10.0
MineralOre@7668d560 8629.97 1085.4254 1000 0 null -10.0 -10.0
MineralOre@46292372 8772.801 1420.8431 1000 0 null -10.0 -10.0
MineralOre@126be319 8627.439 1783.6562 1000 0 null -10.0 -10.0
MineralOre@6c44052e 8077.018 1533.7124 1000 0 null -10.0 -10.0
MineralOre@5c371e13 8825.27 1766.5792 1000 0 null -10.0 -10.0
MineralOre@530a8454 8261.479 1847.797 1000 0 null -10.0 -10.0
MineralOre@1e34c607 8761.63 7280.09 1000 0 null -10.0 -10.0
MineralOre@5215cd9a 8443.715 7236.2236 1000 0 null -10.0 -10.0
MineralOre@36b6964d 8767.572 7197.7144 1000 0 null -10.0 -10.0
MineralOre@31198ceb 8393.052 7718.0806 1000 0 null -10.0 -10.0
MineralOre@9257031 8123.4463 7599.7285 1000 0 null -10.0 -10.0
MineralOre@75201592 8418.868 7735.261 1000 0 null -10.0 -10.0
MineralOre@7726e185 8024.4185 7575.1123 1000 0 null -10.0 -10.0
MineralOre@aa5455e 8595.257 7899.809 1000 0 null -10.0 -10.0
MineralOre@282308c3 8289.214 7341.9106 1000 0 null -10.0 -10.0
MineralOre@5dda14d0 8420.573 7079.331 1000 0 null -10.0 -10.0
MineralOre@1db0ec27 8393.206 7629.9883 1000 0 null -10.0 -10.0
MineralOre@3d9fc57a 8801.228 7719.91 1000 0 null -10.0 -10.0
MineralOre@d4ab71a 8042.093 7389.404 1000 0 null -10.0 -10.0
MineralOre@3b4ef7 8668.88 7395.4395 1000 0 null -10.0 -10.0
MineralOre@1af05b03 8346.558 7162.71 1000 0 null -10.0 -10.0
MineralOre@5987e932 8343.107 7407.041 1000 0 null -10.0 -10.0
MineralOre@1ad777f 8684.825 7249.4453 1000 0 null -10.0 -10.0
MineralOre@5bbbdd4b 8634.438 7401.4116 1000 0 null -10.0 -10.0
MineralOre@438bad7c 9210.311 6777.832 1000 0 null -10.0 -10.0
MineralOre@25230246 9608.226 6591.2314 1000 0 null -10.0 -10.0
MineralOre@4fdf8f12 9596.389 6610.5093 1000 0 null -10.0 -10.0
MineralOre@4a8b5227 9599.729 6707.5073 1000 0 null -10.0 -10.0
MineralOre@54f5f647 9329.458 6200.1465 1000 0 null -10.0 -10.0
MineralOre@6979efad 9794.484 6126.6445 1000 0 null -10.0 -10.0
MineralOre@5a6d5a8f 9574.087 6290.262 1000 0 null -10.0 -10.0
MineralOre@4a67318f 9398.487 6628.0625 1000 0 null -10.0 -10.0
MineralOre@315ba14a 9761.818 6380.1846 1000 0 null -10.0 -10.0
MineralOre@17f9344b 9716.573 6647.8345 1000 0 null -10.0 -10.0
MineralOre@27f0ad19 9392.619 6841.6655 1000 0 null -10.0 -10.0
MineralOre@54e81b21 9540.478 6182.191 1000 0 null -10.0 -10.0
MineralOre@38d5b107 9231.123 6788.851 1000 0 null -10.0 -10.0
MineralOre@6650813a 9469.611 6663.726 1000 0 null -10.0 -10.0
MineralOre@44ea608c 9756.0 6390.2 1000 0 null -10.0 -10.0
MineralOre@50cf5a23 9349.587 6458.0327 1000 0 null -10.0 -10.0
MineralOre@450794b4 9273.726 6345.8506 1000 0 null -10.0 -10.0
MineralOre@273c947f 9821.733 6812.541 1000 0 null -10.0 -10.0
CommandCenter@30457e14 4900.0 4900.0 1000 1 null 4867.198 5130.1997
Factory@1af1347d 4867.198 5130.1997 1000 1 null 5650.378 5191.627
Worker@632aa1a3 5111.873 4886.5107 100 1 MineralOre@3f3c966c 5029.7373 4891.7407
Worker@20765ed5 5109.456 4769.0938 100 1 MineralOre@5b69fd74 5010.2407 4831.102
Worker@77b325b3 5263.4824 4984.992 100 1 MineralOre@437e951d -10.0 -10.0
Worker@3b582111 5019.1924 4959.4473 100 1 MineralOre@63a5e46c 5016.3335 4958.0215
Fighter@2899a8db 5804.9414 5261.292 200 1 null -10.0 -10.0
Fighter@1e8823d2 5822.1797 5336.919 20 1 null -10.0 -10.0
Tank@c1a4620 5674.179 5191.2256 220 1 null -10.0 -10.0
Worker@11963225 5353.1963 4820.0234 100 1 MineralOre@6a175569 -10.0 -10.0
Worker@76b0ae1b 5228.769 4944.945 100 1 MineralOre@61a5b4ae 5028.802 4917.608
Worker@130a0f66 5202.2876 4948.646 100 1 MineralOre@61a5b4ae 5310.0 4960.0
